('vigna', [236574, 139460, 311564, 264525, 136156, 342240, 147483, 109907, 434236, 246380, 124880, 115876, 19030, 10500, 315113, 300601, 267372, 259348, 255793, 253450, 249615, 183293, 159808, 137849, 135338, 125234, 119325, 112994, 112211, 104028, 103851, 81953, 77729, 76017, 75276, 75131, 73286, 66992, 65288, 43728, 42091, 28682, 15205, 5145])
('bihr', [387092, 271489, 138960, 31691])
('corvairlike', [216396])
('14650mi', [328056])
('bilheimer', [191846, 368090, 257678, 190476, 172746, 88214])
('tenthgrader', [55645])
('41904', [212298])
('coeducation', [245240, 173273, 21095, 165876, 83809, 419190, 378647, 87386, 35045, 288485, 282843, 133410, 118734, 116755, 116493, 51276, 8619, 8061, 416354, 371341, 367509, 361249, 359979, 323633, 305614, 290097, 281831, 264693, 264056, 263509, 260996, 255467, 251631, 250116, 249976, 248013, 242525, 240046, 239440, 235376, 233743, 232862, 221303, 212609, 209964, 209133, 207924, 207196, 202246, 201513, 193399, 192183, 182953, 180471, 143287, 138751, 136142, 122075, 117442, 112113, 92444, 85361, 84494, 79347, 78791, 69745, 59265, 54965, 35859, 35440, 27985, 27973, 18681, 8526, 7838, 4009])
('tabhair', [263997])
('meletiou', [51387])
('defrancis', [382303, 324475, 272594, 216793, 123015, 19530])
('akaps', [185943])
('slinfold', [411988, 299714, 36849])
('talkdebate', [50375])
('12pack', [248674, 408268, 281479, 266244, 196815, 54874])
('phva', [77455])
('274bc', [331718])
('theomorphism', [3069])
('usside', [196816])
('bookmorally', [57816])
('xantolo', [257975])
('harrisondistrict', [160554])
('aor', [1156, 93665, 89271, 271255, 146582, 368390, 125673, 56166, 434531, 302132, 207068, 163628, 157894, 116744, 51122, 27930, 299774, 279642, 268717, 263776, 261958, 196819, 98034, 26318, 15404, 14840, 413521, 395590, 378836, 367977, 364731, 356593, 349451, 310744, 288479, 284931, 281214, 280169, 271726, 267730, 246468, 241277, 239096, 234551, 233607, 228903, 223692, 211375, 201233, 201053, 197752, 189404, 174716, 171741, 159453, 150950, 150664, 146227, 145125, 143520, 123524, 120752, 117201, 116390, 116331, 116213, 115977, 114343, 111457, 106308, 99448, 95913, 88821, 84928, 80030, 78614, 78006, 77881, 69296, 67737, 63531, 59211, 56813, 51811, 46102, 41981, 40658, 36941, 32363, 25925, 13085, 1424])
('sl12', [91870])
('jagdishchandra', [47523])
('prothoracic', [315114, 286178, 103791, 89920, 75216, 13964])
('efovis', [75143])
('btaroya', [282723])
('sentiersalpins', [10530])
('tenkrt', [390925])
('degroff', [108739, 331775, 84763])
('nuclearelectron', [247236, 109982])
('cupedia', [36679, 219987])
('preceding', [225460, 50419, 381728, 299764, 170322, 100874, 18241, 177791, 58019, 409153, 386791, 346082, 229996, 190961, 185313, 171344, 139543, 125950, 70513, 35762, 29089, 11685, 360886, 345722, 279181, 168456, 132814, 131433, 128445, 101700, 100418, 94212, 92521, 89510, 73939, 65003, 41525, 40996, 29387, 19923, 6574, 4318, 388918, 364025, 352634, 349686, 331574, 330217, 296414, 295931, 294440, 288861, 282828, 280152, 240634, 236496, 227618, 221294, 217455, 209367, 206667, 200844, 200452, 191231, 186846, 186659, 180114, 177507, 171439, 168823, 166379, 165874, 164238, 162399, 158031, 155017, 153898, 152713, 150667, 149752, 144133, 139058, 133868, 132128, 121804, 115881, 113050, 105079, 103928, 98593, 97474, 95082, 93758, 89706, 85199, 83106, 80426, 76548, 69977, 68451, 68151, 66318, 60893, 57089, 52925, 49504, 46317, 46176, 43611, 38480, 37887, 36850, 35642, 33989, 33873, 33407, 31044, 30082, 26966, 26260, 25970, 21418, 19944, 17006, 15635, 14751, 14242, 13339, 10023, 2828, 1781, 449538, 444995, 435358, 429628, 419839, 390457, 387735, 387203, 387148, 382428, 381425, 377067, 374405, 369749, 369629, 366093, 360835, 358535, 352397, 346793, 336887, 332923, 331161, 328141, 323242, 317820, 314504, 313042, 309917, 309502, 308973, 308912, 307734, 304660, 304595, 301883, 301647, 301252, 297411, 295399, 294639, 293383, 291871, 287437, 286952, 285190, 284945, 284164, 284105, 282056, 278595, 278585, 275327, 274736, 271202, 269527, 267784, 267244, 264645, 262992, 262483, 259469, 252961, 251803, 248528, 245174, 241045, 239158, 238693, 237683, 234743, 230976, 230952, 229899, 229084, 227794, 226474, 225653, 225530, 222040, 221394, 220238, 217691, 217099, 216501, 215507, 214731, 212270, 211478, 209716, 209132, 207822, 206685, 205150, 204507, 204014, 202953, 201242, 201237, 200043, 198373, 196985, 195557, 195551, 195546, 193154, 192015, 191004, 189776, 189726, 189616, 188398, 187191, 186547, 186197, 185862, 185774, 184306, 182936, 182259, 179620, 177914, 177855, 174770, 173220, 171567, 171448, 170652, 169583, 167901, 166625, 166069, 165447, 165361, 164287, 163556, 161748, 161433, 161046, 160987, 160928, 160289, 159382, 154046, 152666, 151305, 150964, 149842, 149400, 148630, 146549, 145622, 144854, 144524, 142887, 140931, 140534, 139857, 139328, 139193, 138461, 137571, 137078, 136328, 134488, 132866, 131793, 130089, 128880, 128540, 128268, 127937, 127566, 126802, 126757, 125873, 125743, 125563, 125422, 124318, 124180, 123669, 123232, 123083, 122703, 121523, 121521, 121313, 120876, 120301, 119408, 117415, 116294, 115899, 115843, 115264, 113933, 112771, 112695, 112476, 112259, 110721, 110510, 108528, 108237, 108231, 107667, 106851, 105700, 105653, 104249, 103341, 103025, 102114, 101963, 101850, 101688, 101317, 101249, 100756, 100481, 100456, 100161, 99385, 99149, 98715, 98416, 97984, 97967, 97823, 96937, 96820, 96761, 96193, 96090, 95993, 95799, 95698, 95521, 95158, 94584, 94378, 93433, 92312, 92221, 91993, 91401, 90627, 88172, 87711, 85829, 83351, 83333, 83174, 83115, 83076, 80723, 80592, 79623, 79603, 79129, 78772, 78410, 77467, 77263, 75896, 75158, 74405, 71990, 71872, 69621, 69237, 69208, 69151, 68288, 67827, 67443, 66729, 66679, 66050, 65397, 64377, 64158, 60780, 59581, 59249, 58943, 58851, 57652, 57529, 56261, 55191, 54467, 54463, 54419, 54165, 53521, 52162, 52038, 51274, 51218, 50855, 50330, 50079, 49678, 48649, 47621, 47062, 47053, 47027, 46671, 46405, 45607, 45377, 44522, 44438, 43252, 43164, 42895, 42863, 42663, 42199, 41451, 39851, 38929, 38668, 37253, 36570, 36307, 36098, 35819, 35400, 33759, 33631, 32920, 32631, 31987, 31765, 31691, 31282, 31174, 31000, 30506, 29746, 29645, 29181, 26381, 26027, 25849, 25253, 25191, 24093, 23952, 22491, 22252, 22134, 21192, 21100, 20859, 20725, 20476, 20378, 19350, 18531, 17819, 17605, 15429, 14170, 14013, 13034, 12650, 11897, 11764, 10845, 10150, 9413, 8732, 8695, 8380, 7789, 7379, 7262, 4817, 4805, 2843, 2479, 2306, 1217, 716, 590, 67, 506239, 506003, 468360, 467749, 465646, 458781, 457151, 453117, 452488, 449341, 448771, 448536, 447866, 447593, 446096, 439960, 439901, 439569, 439450, 435592, 433823, 433468, 430514, 429279, 428921, 428390, 426212, 426093, 425329, 424439, 424206, 423437, 422850, 422317, 422022, 421022, 420904, 420842, 420312, 419778, 419247, 419185, 418919, 418367, 417949, 417894, 417652, 416712, 416479, 416417, 416117, 415297, 414883, 414295, 413644, 412937, 412049, 411934, 411697, 411517, 411050, 410693, 410039, 409626, 409454, 409391, 409043, 407802, 407740, 407267, 406267, 406095, 405857, 405795, 405382, 403961, 403897, 403429, 403203, 402547, 402398, 401253, 401078, 400608, 400134, 399427, 398949, 398837, 398717, 398481, 396879, 396466, 395940, 395356, 395224, 394813, 394221, 393880, 393645, 392987, 392630, 392048, 391510, 391341, 391107, 391042, 390811, 390751, 390339, 390034, 388677, 388621, 388416, 388150, 387854, 387213, 387085, 386315, 385916, 385494, 385204, 384678, 384667, 384020, 383900, 383256, 382367, 381840, 381187, 380715, 380598, 380428, 380244, 379956, 379771, 379567, 378468, 378365, 378210, 378092, 377879, 377479, 377350, 376938, 375764, 375698, 375118, 374080, 373583, 372273, 371570, 371341, 371280, 369065, 368969, 368866, 368711, 368090, 368028, 367913, 367384, 366615, 366377, 366324, 365912, 365523, 365487, 365142, 365109, 364779, 364549, 363612, 363435, 363424, 362729, 361424, 361251, 360600, 360479, 360451, 359978, 359060, 359000, 358563, 358410, 358408, 358351, 357469, 357405, 357122, 357113, 356519, 356200, 355908, 355672, 354940, 354810, 354403, 354256, 354230, 353820, 353749, 353336, 352927, 352781, 352631, 352014, 351932, 351456, 351389, 351365, 351275, 350979, 350244, 349916, 349857, 349680, 349616, 349565, 349562, 348387, 347974, 347969, 347918, 347376, 347257, 347199, 347139, 347021, 347019, 346960, 346844, 346786, 346727, 346667, 346372, 346136, 346032, 346018, 345547, 344545, 344081, 343786, 343730, 343668, 343549, 343365, 342689, 342611, 342194, 341658, 341416, 341308, 341190, 340645, 340015, 339884, 339881, 339779, 339480, 339129, 337880, 337585, 337404, 336819, 336056, 335932, 335697, 335346, 335317, 335281, 335199, 334807, 334214, 334074, 333982, 333450, 332898, 332756, 332744, 332367, 332334, 332211, 332091, 332036, 331791, 331562, 331338, 331327, 331246, 331095, 331094, 330857, 330847, 330390, 330263, 329962, 329804, 329686, 329621, 329392, 329258, 328331, 327586, 327470, 327348, 327234, 326245, 326014, 325971, 325907, 325778, 324613, 324245, 324190, 323900, 323609, 323541, 322887, 322665, 322366, 322194, 321595, 321587, 321548, 320712, 320466, 320294, 320186, 320073, 320060, 320014, 319943, 318638, 318535, 318239, 317770, 317499, 317404, 317339, 316786, 316609, 316457, 316437, 316399, 316258, 316102, 315936, 315924, 315764, 315684, 315348, 315344, 315275, 315226, 315175, 315098, 315050, 314980, 314803, 314750, 314744, 314586, 314567, 314449, 314404, 314390, 314275, 314232, 314167, 314153, 313871, 313462, 313281, 313213, 313148, 313036, 312977, 312859, 312809, 312572, 312462, 312440, 311967, 311628, 311439, 311151, 310685, 310669, 310564, 310495, 310331, 309731, 309670, 309318, 309317, 309202, 308963, 308846, 308501, 308022, 307904, 307897, 307850, 307502, 307250, 306973, 306964, 306617, 306539, 306486, 305322, 304954, 304573, 304364, 304196, 304185, 303900, 303865, 303723, 303487, 303061, 303054, 302887, 302867, 302607, 302545, 302358, 302117, 301888, 301708, 301659, 301606, 301604, 301510, 301358, 301333, 301184, 300952, 300920, 300705, 300646, 300645, 300479, 299886, 299872, 299646, 299645, 299582, 299540, 299353, 299205, 299187, 299123, 298814, 298324, 298206, 298142, 298046, 297690, 297647, 297634, 297580, 297270, 297122, 295980, 295723, 295684, 295398, 295382, 295274, 295138, 295046, 295017, 294993, 294981, 294936, 294899, 294556, 294429, 294338, 294156, 293894, 293545, 293516, 293206, 292950, 292927, 292598, 292283, 292225, 292033, 291789, 291575, 291448, 291441, 291436, 291263, 290922, 290857, 290734, 290544, 290376, 290358, 289673, 289543, 289528, 289499, 289442, 289378, 289372, 289201, 289087, 289028, 289024, 288953, 288915, 288906, 288842, 288670, 288556, 288437, 288388, 288211, 288125, 287935, 287581, 287378, 287299, 287258, 287144, 287140, 287050, 286839, 286701, 286614, 286552, 286365, 286248, 285720, 285698, 285649, 285139, 284714, 284513, 284489, 284400, 284247, 284075, 283951, 283846, 283839, 283833, 283820, 283702, 283591, 283569, 283397, 283392, 282762, 282351, 282231, 282115, 281812, 281230, 281056, 280949, 280750, 280602, 280447, 280361, 280211, 280168, 280110, 279824, 279680, 279298, 278995, 278815, 278697, 278284, 278221, 278042, 277645, 277576, 277556, 277513, 277492, 277346, 277109, 276756, 276511, 276470, 276468, 276467, 276408, 276390, 276170, 275928, 275624, 275558, 275350, 275344, 275343, 275211, 275208, 275031, 274992, 274391, 274146, 273974, 273579, 273272, 273145, 273044, 273040, 272964, 272749, 272672, 272335, 272266, 272163, 271967, 271866, 271315, 271218, 271203, 270980, 270921, 270746, 270732, 270509, 270437, 270432, 270268, 270202, 270015, 269969, 269704, 269408, 269272, 269210, 269204, 269076, 268642, 268606, 268604, 268582, 268359, 268079, 267730, 267584, 267557, 267370, 266897, 266896, 266550, 266081, 265964, 265714, 265612, 265602, 265484, 265232, 265107, 264947, 264609, 264591, 264571, 264485, 264464, 264222, 264169, 263997, 263961, 263954, 263895, 263568, 263491, 263468, 263237, 263115, 263048, 262982, 262979, 262893, 262699, 262588, 262350, 262347, 262001, 261875, 261837, 261826, 261815, 261717, 261539, 261477, 261457, 261397, 261061, 260943, 260709, 260515, 260505, 260364, 260283, 260119, 260043, 259990, 259969, 259692, 259650, 259620, 259402, 259266, 259105, 259089, 259035, 258971, 258871, 258675, 258631, 258418, 258270, 257689, 257521, 257284, 257272, 256634, 256345, 256089, 255971, 255856, 255736, 255630, 255516, 255272, 255214, 254687, 254681, 254633, 254601, 254288, 254010, 253979, 253806, 253790, 253746, 253606, 253520, 253372, 253253, 253247, 253208, 253205, 252734, 252712, 252503, 252445, 252338, 252220, 252133, 252019, 252013, 251967, 251914, 251908, 251836, 251690, 251688, 251672, 251559, 251494, 251478, 251397, 251267, 251240, 251129, 251012, 250711, 250570, 250489, 250488, 250387, 250368, 250305, 250088, 249970, 249943, 249938, 249776, 249365, 249252, 249189, 249181, 249088, 249085, 248599, 248554, 248109, 248081, 247774, 247653, 247537, 247460, 247413, 247357, 247057, 246764, 246758, 246660, 246532, 246291, 246233, 246199, 246190, 245820, 245572, 245527, 245219, 244896, 244864, 244521, 244196, 244069, 244048, 243991, 243935, 243802, 243357, 243131, 243115, 242504, 242468, 242462, 242399, 242278, 242250, 242216, 242173, 242112, 241442, 241362, 241303, 241184, 240833, 240648, 240569, 240363, 240340, 240042, 240037, 239928, 239875, 239757, 239711, 239595, 239512, 239455, 239141, 239101, 238923, 238861, 238803, 238551, 238338, 238154, 238148, 238048, 237998, 237968, 237689, 237619, 237608, 237564, 237521, 237513, 237454, 237402, 237195, 237158, 236923, 236494, 236452, 236437, 236378, 236278, 236161, 235966, 235923, 235848, 235635, 235630, 235453, 235376, 235259, 235213, 235200, 235106, 235028, 234877, 234864, 234681, 234608, 234551, 234510, 234450, 234445, 234440, 234209, 234205, 234193, 234091, 234085, 234032, 233967, 233856, 233843, 233731, 233678, 233501, 233393, 233324, 233310, 233257, 233214, 233209, 233019, 232911, 232838, 232734, 232557, 232081, 232069, 231903, 231863, 231708, 231667, 231663, 231655, 231612, 231556, 231552, 231538, 231495, 231384, 231327, 231317, 231186, 231129, 231065, 230979, 230950, 230896, 230545, 230511, 230258, 230199, 230130, 229844, 229643, 229620, 229329, 229261, 229140, 228969, 228719, 228708, 228436, 228429, 228368, 228242, 228168, 228059, 228006, 227706, 227672, 227526, 227472, 227459, 227265, 227230, 227070, 227009, 226947, 226360, 226308, 226249, 226169, 226046, 225903, 225894, 225700, 225108, 224902, 224715, 224670, 224371, 224305, 224288, 224165, 224048, 223942, 223941, 223892, 223885, 223832, 223758, 223629, 223600, 223547, 223458, 223347, 223270, 223219, 222984, 222959, 222926, 222584, 222310, 222051, 221894, 221890, 221653, 221581, 221467, 221419, 221406, 221240, 220986, 220922, 220575, 220240, 219922, 219758, 219730, 219504, 219340, 219149, 219141, 219063, 219031, 218509, 217920, 217881, 217752, 217629, 217506, 217339, 217290, 217044, 216989, 216967, 216841, 216795, 216790, 216690, 216672, 216490, 215611, 215317, 215270, 215200, 215162, 214912, 214843, 214842, 214345, 214196, 214144, 214137, 214019, 214007, 213416, 213311, 213252, 213193, 213014, 212973, 212938, 212929, 212918, 212905, 212859, 212827, 212800, 212781, 212741, 212661, 212413, 212140, 212030, 211801, 211759, 211747, 211609, 211598, 211541, 211482, 211378, 211364, 211274, 211264, 211246, 211245, 211215, 211197, 211187, 211128, 211071, 211069, 211050, 211034, 210962, 210892, 210792, 210773, 210378, 210303, 210283, 210140, 210135, 210076, 210048, 209970, 209930, 209896, 209878, 209840, 209812, 209781, 209722, 209694, 209663, 209635, 209545, 209488, 209458, 209457, 209271, 209236, 209197, 209078, 209016, 208858, 208611, 208550, 208125, 208068, 207972, 207884, 207795, 207736, 207663, 207586, 207418, 207415, 207369, 207305, 207135, 207067, 206927, 206896, 206766, 206709, 206455, 206373, 206258, 206118, 206022, 205840, 205729, 205601, 205526, 205460, 205366, 205268, 205050, 204901, 204363, 204223, 204103, 204072, 203834, 203649, 203639, 203409, 203296, 203085, 202860, 202703, 202695, 202688, 202524, 202436, 202217, 202056, 201999, 201930, 201856, 201542, 201256, 201244, 201166, 201070, 201001, 200945, 200922, 200882, 200879, 200856, 200818, 200767, 200456, 200278, 200213, 200210, 199973, 199967, 199935, 199911, 199905, 199781, 199753, 199709, 199569, 199463, 199401, 199337, 199268, 199256, 199191, 199145, 199000, 198969, 198778, 198748, 198647, 198383, 197900, 197804, 197776, 197744, 197573, 197494, 197186, 197008, 196896, 196861, 196790, 196672, 196626, 196613, 196490, 196431, 196248, 195806, 195731, 195615, 195018, 194735, 194655, 194617, 194448, 194445, 194426, 194381, 194330, 194176, 194139, 194102, 193969, 193910, 193905, 193587, 193554, 193076, 192798, 192793, 192708, 192682, 192674, 192600, 192406, 192324, 192268, 192127, 192062, 192017, 191949, 191899, 191854, 191740, 191646, 191627, 191543, 191357, 191269, 191197, 191121, 191073, 190888, 190761, 190760, 190650, 190537, 190416, 190248, 190200, 190024, 189945, 189895, 189811, 189661, 189652, 189536, 189428, 189420, 189352, 189345, 189115, 189030, 188839, 188710, 188655, 188530, 188467, 188454, 188444, 188290, 188289, 188267, 187943, 187883, 187810, 187768, 187714, 187676, 187657, 187617, 187584, 187495, 187321, 187299, 187242, 187138, 187066, 186950, 186878, 186719, 186713, 186698, 186696, 186587, 186520, 186519, 186452, 186275, 186127, 186005, 185988, 185887, 185803, 185769, 185376, 185348, 184806, 184758, 184723, 184709, 184579, 184575, 184299, 184078, 184053, 183927, 183829, 183692, 183681, 183501, 183109, 183026, 182924, 182898, 182883, 182810, 182794, 182655, 182632, 182587, 182392, 182176, 181745, 181474, 181334, 181224, 181216, 180978, 180921, 180798, 180787, 180700, 180239, 180159, 180095, 180090, 180005, 179998, 179737, 179624, 179389, 179292, 179236, 179205, 179150, 179109, 179090, 179047, 179046, 179042, 179037, 178922, 178864, 178791, 178755, 178637, 178586, 178558, 178386, 178320, 178224, 178106, 177967, 177961, 177942, 177929, 177741, 177634, 177629, 177624, 177615, 177552, 177546, 177457, 177435, 177280, 177244, 177189, 176920, 176872, 176788, 176727, 176667, 176368, 176276, 176142, 176101, 175917, 175793, 175563, 175421, 175420, 175391, 175325, 175183, 175134, 175093, 174783, 174730, 174716, 174556, 174551, 174379, 174369, 174353, 174317, 174307, 174017, 173963, 173931, 173861, 173853, 173849, 173807, 173781, 173635, 173601, 173544, 173363, 173332, 173291, 173192, 173100, 173055, 173043, 173017, 172795, 172506, 172363, 172335, 172305, 172247, 172244, 172102, 172086, 171879, 171796, 171743, 171601, 171599, 171140, 171121, 170951, 170817, 170795, 170713, 170546, 170420, 170205, 170173, 169956, 169792, 169769, 169600, 169592, 169534, 169530, 169348, 169302, 169091, 169029, 168577, 168573, 168420, 168418, 168407, 168382, 167969, 167711, 167664, 167627, 167603, 167484, 167417, 167308, 167288, 167178, 167127, 167111, 167021, 166909, 166862, 166689, 166686, 166496, 166492, 166428, 166302, 166276, 166220, 166211, 166128, 166060, 165922, 165919, 165886, 165817, 165504, 165214, 165095, 165060, 164976, 164942, 164797, 164796, 164594, 164504, 164402, 164372, 164363, 164270, 164069, 164055, 164005, 163872, 163868, 163852, 163638, 163500, 163414, 163336, 163326, 163267, 162872, 162835, 162559, 162410, 162215, 162142, 162066, 162053, 161886, 161864, 161806, 161348, 161316, 161007, 160918, 160513, 160409, 160354, 160328, 160238, 160225, 160110, 159903, 159867, 159825, 159811, 159739, 159698, 159430, 159376, 159289, 158676, 158633, 158630, 158565, 158545, 158454, 158331, 158284, 158214, 158203, 158096, 158084, 158075, 157920, 157833, 157758, 157585, 157481, 157451, 157055, 156916, 156856, 156740, 156692, 156625, 156539, 156477, 156407, 156400, 156378, 156207, 156093, 155919, 155690, 155614, 155492, 155298, 155297, 155258, 154947, 154922, 154884, 154839, 154609, 154592, 154559, 154500, 154441, 154312, 154263, 153842, 153787, 153766, 153634, 153609, 153604, 153586, 153548, 153531, 153485, 153292, 153235, 153173, 153116, 153114, 152957, 152820, 152819, 152761, 152642, 152610, 152598, 152465, 152419, 152361, 152072, 151833, 151729, 151728, 151721, 151664, 151588, 151525, 151443, 151428, 151374, 151089, 151049, 151006, 150990, 150835, 150755, 150522, 150356, 150123, 150119, 149738, 149360, 149236, 149073, 148902, 148898, 148845, 148770, 148705, 148691, 148586, 148535, 148314, 148300, 148071, 147839, 147834, 147769, 147748, 147647, 147631, 147605, 147479, 147478, 147250, 147228, 147187, 147120, 147097, 146919, 146850, 146845, 146813, 146804, 146590, 146564, 146474, 146447, 146432, 146431, 146405, 146349, 146344, 146257, 146093, 146081, 145974, 145894, 145881, 145857, 145814, 145751, 145646, 145639, 145489, 145288, 145208, 145057, 145037, 145031, 145018, 144359, 144297, 144115, 143815, 143755, 143657, 143638, 143444, 143222, 143158, 143117, 142811, 142797, 142769, 142750, 142734, 142693, 142689, 142675, 142443, 142344, 142221, 142199, 141942, 141932, 141821, 141803, 141668, 141613, 141540, 141513, 141507, 141436, 141433, 141414, 141373, 141218, 141214, 141033, 140998, 140846, 140744, 140635, 140547, 140384, 140113, 139881, 139859, 139858, 139690, 139678, 139621, 139291, 139168, 138926, 138793, 138555, 138505, 138423, 138398, 138343, 138264, 138249, 138158, 138097, 138083, 138038, 137993, 137970, 137967, 137867, 137729, 137686, 137566, 137502, 137493, 137479, 137362, 137139, 137049, 136987, 136811, 136733, 136654, 136574, 136547, 136279, 136017, 136006, 135911, 135842, 135830, 135724, 135664, 135622, 135492, 135341, 135064, 135035, 134901, 134873, 134839, 134725, 134678, 134466, 134262, 134224, 134077, 133971, 133895, 133808, 133749, 133564, 133428, 133356, 133146, 133028, 132837, 132717, 132683, 132670, 132598, 132463, 132244, 132219, 132124, 131980, 131924, 131903, 131886, 131849, 131728, 131643, 131450, 131393, 131251, 131105, 130814, 130777, 130775, 130690, 130488, 130402, 130268, 130205, 130197, 130122, 129986, 129982, 129956, 129893, 129881, 129833, 129676, 129328, 129269, 129241, 129134, 129082, 128984, 128928, 128922, 128910, 128894, 128763, 128742, 128608, 128518, 128353, 128275, 128117, 128101, 127783, 127766, 127744, 127538, 127348, 127342, 127324, 127271, 127091, 127038, 126984, 126678, 126577, 126513, 126478, 126378, 126312, 126239, 126204, 126147, 126081, 125955, 125937, 125727, 125708, 125702, 125639, 125584, 125554, 125502, 125435, 125231, 125142, 125103, 125085, 125084, 124796, 124751, 124639, 124523, 124520, 124506, 124396, 124373, 124313, 124300, 124258, 124257, 124176, 124126, 124090, 124088, 124087, 124083, 124050, 123965, 123850, 123728, 123706, 123554, 123515, 123255, 123245, 123235, 123169, 123118, 123117, 123055, 122986, 122923, 122784, 122707, 122368, 122201, 122190, 122141, 122122, 121918, 121851, 121753, 121744, 121717, 121640, 121455, 121365, 121285, 121187, 121167, 121074, 121068, 121048, 121031, 120989, 120952, 120951, 120934, 120902, 120753, 120682, 120577, 120440, 120366, 120362, 120248, 120105, 120076, 120032, 120011, 119884, 119880, 119869, 119775, 119744, 119733, 119605, 119601, 119515, 119404, 119360, 119350, 119310, 119182, 119125, 119040, 118912, 118887, 118835, 118817, 118743, 118651, 118607, 118283, 118247, 118188, 118180, 118153, 118132, 118041, 118025, 118010, 117953, 117931, 117886, 117865, 117822, 117745, 117620, 117570, 117469, 117341, 117235, 117138, 117043, 116987, 116960, 116882, 116852, 116844, 116822, 116635, 116594, 116585, 116422, 116346, 116211, 116114, 116109, 116099, 116039, 116003, 115885, 115699, 115642, 115505, 115354, 115349, 115338, 115289, 115286, 115272, 115269, 115232, 115019, 114936, 114838, 114793, 114673, 114670, 114573, 114407, 114324, 114269, 114264, 114252, 114236, 114110, 113882, 113775, 113774, 113580, 113541, 113539, 113520, 113402, 113400, 113323, 113311, 113306, 113282, 113259, 113257, 113197, 113146, 113103, 113087, 113058, 113028, 112991, 112910, 112893, 112850, 112686, 112629, 112583, 112578, 112497, 112450, 112433, 112421, 112256, 112199, 112186, 112124, 112113, 112102, 112081, 112079, 111992, 111876, 111718, 111689, 111605, 111581, 111574, 111551, 111515, 111475, 111420, 111395, 111179, 111098, 111078, 111051, 110984, 110983, 110980, 110898, 110874, 110864, 110778, 110707, 110610, 110570, 110563, 110552, 110474, 110453, 110273, 110216, 110179, 110049, 109833, 109812, 109789, 109704, 109645, 109635, 109575, 109563, 109509, 109373, 109338, 109238, 109209, 109131, 109074, 109032, 108971, 108865, 108839, 108831, 108827, 108780, 108715, 108570, 108555, 108534, 108450, 108443, 108352, 108275, 108219, 108154, 108121, 108099, 108088, 108035, 107979, 107916, 107896, 107867, 107775, 107769, 107758, 107684, 107658, 107618, 107607, 107490, 107443, 107404, 107194, 107184, 107148, 107135, 107029, 107028, 107003, 106973, 106958, 106932, 106890, 106872, 106788, 106777, 106634, 106591, 106538, 106439, 106413, 106411, 106388, 106214, 106109, 106063, 106043, 105956, 105901, 105848, 105815, 105726, 105677, 105656, 105639, 105630, 105623, 105570, 105361, 105089, 105026, 104962, 104934, 104930, 104854, 104839, 104718, 104676, 104550, 104515, 104485, 104478, 104380, 104191, 104169, 104140, 104076, 103994, 103938, 103877, 103873, 103836, 103711, 103663, 103659, 103432, 103233, 103213, 103199, 103129, 103100, 103018, 103014, 102959, 102911, 102898, 102849, 102843, 102816, 102788, 102629, 102525, 102474, 102366, 102270, 102081, 101964, 101955, 101889, 101870, 101814, 101695, 101662, 101636, 101584, 101444, 101400, 101363, 101341, 101303, 101282, 101223, 101014, 101013, 100950, 100949, 100810, 100692, 100633, 100595, 100475, 100419, 100415, 100402, 100397, 100364, 100338, 100303, 100279, 100268, 100250, 100247, 100225, 100220, 100102, 100092, 100079, 100043, 100014, 100007, 99978, 99951, 99928, 99782, 99743, 99718, 99685, 99586, 99543, 99475, 99388, 99358, 99307, 99251, 99133, 99127, 99078, 98834, 98807, 98803, 98708, 98658, 98637, 98599, 98590, 98569, 98539, 98535, 98440, 98355, 98300, 98295, 98152, 98150, 97618, 97504, 97480, 97393, 97361, 97355, 97297, 97247, 97218, 97123, 97119, 97009, 97007, 96785, 96681, 96619, 96471, 96386, 96382, 96296, 96251, 96241, 96185, 96170, 96167, 96153, 96081, 95981, 95943, 95921, 95818, 95759, 95181, 95111, 95071, 95024, 94928, 94924, 94921, 94865, 94836, 94762, 94740, 94705, 94676, 94588, 94555, 94519, 94496, 94484, 94400, 94078, 93904, 93853, 93844, 93784, 93757, 93694, 93655, 93448, 93427, 93404, 93401, 93306, 93264, 93255, 93221, 93195, 93105, 93087, 93078, 93028, 93021, 92971, 92879, 92874, 92871, 92848, 92835, 92814, 92807, 92799, 92658, 92639, 92524, 92519, 92286, 92273, 92242, 92241, 92220, 92148, 92049, 91919, 91907, 91809, 91742, 91687, 91580, 91579, 91461, 91344, 91238, 91179, 91118, 91101, 90911, 90831, 90826, 90810, 90711, 90695, 90685, 90657, 90413, 90396, 90354, 90304, 90265, 90234, 90216, 90098, 89984, 89944, 89919, 89918, 89820, 89810, 89631, 89626, 89547, 89506, 89483, 89418, 89407, 89333, 89295, 89274, 89261, 89218, 88999, 88805, 88569, 88510, 88446, 88419, 88355, 88189, 88170, 88052, 88040, 88029, 88028, 87971, 87944, 87838, 87740, 87735, 87709, 87542, 87513, 87507, 87445, 87390, 87348, 87289, 87213, 87166, 87153, 87150, 87094, 86913, 86876, 86625, 86504, 86462, 86405, 86357, 86259, 86249, 86221, 86072, 86048, 85929, 85927, 85834, 85671, 85497, 85438, 85434, 85378, 85343, 85276, 85163, 85140, 85048, 84970, 84856, 84852, 84848, 84844, 84809, 84797, 84725, 84637, 84528, 84442, 84391, 84373, 84338, 84332, 84206, 84200, 84141, 84140, 84077, 84075, 83953, 83938, 83846, 83724, 83719, 83665, 83511, 83510, 83311, 83072, 82984, 82957, 82497, 82411, 82381, 82373, 82344, 82137, 82129, 82108, 82094, 82065, 82042, 81855, 81778, 81728, 81702, 81686, 81627, 81599, 81504, 81485, 81387, 81327, 81312, 81308, 81293, 81246, 81193, 81012, 80958, 80865, 80843, 80738, 80605, 80565, 80498, 80369, 80365, 80247, 80182, 80093, 80085, 80039, 80034, 79740, 79737, 79553, 79538, 79530, 79454, 79448, 79404, 79247, 79199, 79187, 79179, 79177, 79123, 79072, 78928, 78869, 78829, 78710, 78709, 78699, 78613, 78417, 78281, 78217, 78099, 77944, 77935, 77925, 77831, 77714, 77682, 77607, 77498, 77453, 77349, 77336, 77290, 77115, 77096, 77062, 77043, 76966, 76938, 76905, 76694, 76642, 76613, 76353, 76347, 76288, 76260, 76236, 75927, 75789, 75778, 75738, 75702, 75645, 75641, 75425, 75413, 75382, 75248, 75232, 75201, 75157, 75076, 74997, 74875, 74823, 74680, 74519, 74421, 74376, 74227, 74164, 74092, 74043, 73993, 73965, 73788, 73665, 73644, 73463, 73412, 73342, 73280, 73173, 73126, 73108, 73080, 72996, 72986, 72952, 72868, 72866, 72835, 72814, 72728, 72715, 72679, 72625, 72457, 72391, 72326, 72159, 71993, 71942, 71903, 71863, 71804, 71802, 71729, 71712, 71573, 71514, 71452, 71389, 71298, 71285, 71197, 71166, 71067, 71025, 70981, 70920, 70900, 70885, 70872, 70825, 70749, 70644, 70558, 70453, 70368, 70331, 70216, 70118, 70093, 70065, 69802, 69797, 69751, 69684, 69542, 69481, 69480, 69011, 68993, 68918, 68878, 68858, 68805, 68804, 68746, 68722, 68486, 68431, 68419, 68382, 68360, 68347, 68318, 68144, 68126, 67974, 67970, 67847, 67735, 67619, 67448, 67444, 67442, 67387, 67262, 67057, 67031, 66916, 66890, 66811, 66621, 66616, 66556, 66459, 66444, 66146, 66141, 66105, 65909, 65895, 65859, 65846, 65729, 65701, 65491, 65345, 65336, 65301, 65262, 65194, 65115, 65027, 64992, 64972, 64864, 64848, 64803, 64784, 64733, 64662, 64567, 64491, 64479, 64458, 64399, 64355, 64318, 64310, 64255, 64201, 64198, 64024, 64023, 63994, 63964, 63931, 63930, 63849, 63814, 63804, 63789, 63697, 63627, 63509, 63491, 63438, 63377, 63275, 63141, 63109, 63083, 63079, 63078, 62995, 62959, 62845, 62838, 62772, 62761, 62757, 62544, 62527, 62521, 62425, 62370, 62332, 62256, 62169, 62149, 62128, 62039, 61938, 61925, 61916, 61894, 61805, 61756, 61742, 61660, 61541, 61529, 61354, 61336, 61293, 61268, 61247, 61245, 61213, 61166, 60898, 60888, 60794, 60769, 60659, 60595, 60541, 60418, 60333, 60189, 60085, 60073, 60049, 59953, 59933, 59920, 59800, 59790, 59721, 59693, 59679, 59670, 59562, 59545, 59477, 59360, 59300, 59273, 59267, 59084, 58919, 58831, 58671, 58662, 58651, 58543, 58514, 58452, 58389, 58314, 58300, 58299, 58247, 58127, 58120, 58079, 58056, 58020, 57945, 57900, 57893, 57845, 57798, 57766, 57749, 57744, 57726, 57566, 57435, 57410, 57407, 57319, 57293, 57291, 57269, 57255, 57181, 57125, 57123, 57093, 57064, 57054, 56995, 56803, 56758, 56711, 56679, 56611, 56435, 56290, 56174, 56109, 56094, 56052, 56035, 56017, 55875, 55665, 55647, 55638, 55586, 55540, 55491, 55436, 55321, 55246, 55176, 55171, 55101, 55053, 54970, 54969, 54941, 54795, 54635, 54582, 54470, 54343, 54341, 54333, 54289, 54273, 54252, 54246, 54140, 53987, 53804, 53751, 53749, 53641, 53572, 53540, 53537, 53516, 53475, 53406, 53348, 53339, 53280, 53144, 53114, 53062, 52959, 52879, 52791, 52505, 52425, 52347, 51844, 51694, 51690, 51651, 51615, 51579, 51456, 51423, 51263, 51129, 51040, 50954, 50932, 50761, 50721, 50719, 50635, 50511, 50387, 50375, 50276, 50256, 50097, 50068, 49910, 49856, 49796, 49773, 49737, 49705, 49623, 49610, 49523, 49516, 49502, 49454, 49346, 49260, 49202, 49171, 49088, 48999, 48942, 48840, 48689, 48568, 48519, 48369, 48290, 48268, 48092, 48088, 47908, 47850, 47835, 47729, 47625, 47561, 47545, 47542, 47480, 47463, 47380, 47364, 47357, 47345, 47236, 47220, 47121, 47095, 47052, 47044, 47035, 47025, 47003, 46993, 46964, 46931, 46885, 46848, 46845, 46826, 46823, 46819, 46735, 46733, 46708, 46674, 46649, 46590, 46556, 46531, 46516, 46513, 46472, 46413, 46382, 46378, 46295, 46236, 46195, 46153, 46130, 46105, 46090, 46084, 46059, 46025, 46000, 45989, 45941, 45926, 45897, 45883, 45882, 45810, 45788, 45764, 45732, 45725, 45705, 45646, 45639, 45587, 45585, 45470, 45266, 45262, 45194, 45069, 45018, 44961, 44750, 44714, 44680, 44667, 44605, 44499, 44401, 44253, 44242, 44227, 44007, 44003, 43981, 43960, 43901, 43899, 43878, 43815, 43810, 43801, 43705, 43552, 43030, 43002, 42978, 42974, 42953, 42925, 42799, 42784, 42778, 42770, 42728, 42694, 42689, 42669, 42659, 42607, 42517, 42396, 42371, 42304, 42223, 42195, 41934, 41919, 41899, 41845, 41838, 41836, 41775, 41757, 41715, 41681, 41679, 41616, 41602, 41540, 41345, 41303, 41301, 41175, 41059, 41056, 41045, 40991, 40989, 40893, 40614, 40529, 40427, 40363, 40327, 40108, 40087, 40029, 40025, 39888, 39826, 39800, 39714, 39685, 39615, 39480, 39474, 39471, 39445, 39412, 39299, 39245, 39233, 39049, 38999, 38964, 38962, 38945, 38831, 38747, 38695, 38656, 38650, 38626, 38619, 38590, 38518, 38494, 38460, 38305, 38101, 38085, 37948, 37938, 37881, 37877, 37723, 37470, 37401, 37350, 37295, 37250, 37237, 37234, 37205, 36992, 36935, 36876, 36711, 36608, 36464, 36289, 36219, 36171, 36087, 36058, 36042, 36026, 35937, 35808, 35676, 35647, 35643, 35636, 35615, 35505, 35409, 35347, 35204, 35164, 35053, 34819, 34647, 34639, 34596, 34497, 34466, 34431, 34404, 34385, 34352, 34258, 34230, 34182, 34050, 34005, 33932, 33899, 33755, 33753, 33745, 33458, 33433, 33344, 33281, 33248, 33245, 33183, 32935, 32874, 32868, 32861, 32826, 32740, 32553, 32341, 32332, 32236, 32136, 32135, 32123, 32088, 32085, 32051, 32003, 31988, 31852, 31798, 31723, 31722, 31669, 31655, 31637, 31624, 31577, 31494, 31369, 31317, 31205, 31026, 30963, 30950, 30901, 30598, 30584, 30568, 30528, 30491, 30270, 30157, 30050, 30042, 30029, 29952, 29904, 29859, 29755, 29684, 29636, 29615, 29593, 29572, 29534, 29501, 29455, 29419, 29415, 29213, 29206, 29201, 29087, 29030, 28964, 28911, 28876, 28780, 28678, 28600, 28468, 28465, 28461, 28385, 28343, 28313, 28237, 28213, 28164, 28143, 27982, 27942, 27799, 27708, 27556, 27510, 27258, 27088, 27026, 26996, 26909, 26858, 26798, 26734, 26677, 26672, 26648, 26615, 26437, 26434, 26277, 26265, 26195, 26024, 25935, 25934, 25930, 25914, 25855, 25829, 25796, 25783, 25665, 25561, 25507, 25460, 25457, 25432, 25403, 25377, 25373, 25236, 25141, 24906, 24864, 24851, 24847, 24721, 24665, 24565, 24433, 24375, 24340, 24152, 24032, 23992, 23962, 23836, 23827, 23761, 23734, 23691, 23605, 23565, 23545, 23542, 23418, 23401, 23315, 23268, 23222, 22785, 22763, 22762, 22609, 22607, 22579, 22539, 22518, 22484, 22156, 22149, 22109, 22078, 22074, 22032, 21952, 21899, 21859, 21843, 21738, 21604, 21603, 21578, 21532, 21507, 21466, 21370, 21310, 21267, 21251, 21094, 21073, 21055, 21031, 20980, 20967, 20940, 20837, 20830, 20807, 20779, 20680, 20666, 20622, 20588, 20584, 20513, 20421, 20239, 20122, 20081, 19875, 19854, 19811, 19708, 19598, 19507, 19473, 19419, 19364, 19359, 19300, 19225, 19203, 19187, 19132, 19024, 18946, 18943, 18887, 18885, 18812, 18798, 18787, 18619, 18579, 18410, 18350, 18300, 18299, 18286, 18151, 18063, 18046, 17945, 17911, 17701, 17533, 17525, 17466, 17444, 17340, 17263, 17195, 17101, 17072, 17038, 17035, 17014, 16842, 16827, 16819, 16796, 16653, 16541, 16404, 16376, 16345, 16168, 16148, 16147, 16114, 16072, 15990, 15978, 15939, 15849, 15813, 15642, 15522, 15374, 15224, 15056, 14955, 14937, 14860, 14818, 14639, 14599, 14462, 14431, 14371, 14344, 14342, 14303, 14290, 14289, 14279, 14249, 14233, 14209, 14197, 14190, 14168, 14164, 14054, 14043, 14008, 13958, 13924, 13912, 13855, 13818, 13809, 13586, 13521, 13454, 13318, 13265, 13117, 13019, 12987, 12708, 12590, 12566, 12463, 12413, 12305, 12281, 12273, 12220, 12185, 12138, 12132, 11974, 11968, 11942, 11892, 11809, 11803, 11653, 11567, 11566, 11565, 11540, 11485, 11448, 11349, 11314, 11312, 11294, 11291, 11179, 11125, 11107, 10997, 10995, 10980, 10945, 10862, 10741, 10686, 10632, 10532, 10504, 10468, 10438, 10407, 10389, 10327, 10298, 10140, 10092, 9931, 9880, 9824, 9800, 9784, 9740, 9718, 9619, 9602, 9558, 9553, 9507, 9428, 9330, 9329, 9225, 9177, 9176, 9167, 9157, 9111, 8871, 8869, 8688, 8670, 8524, 8465, 8406, 8365, 8347, 8298, 8288, 8247, 8229, 8170, 8144, 8111, 8052, 8007, 7993, 7938, 7850, 7770, 7686, 7616, 7593, 7552, 7551, 7534, 7507, 7499, 7434, 7375, 7340, 7325, 7324, 7284, 7187, 7147, 7059, 7048, 6912, 6742, 6721, 6692, 6674, 6668, 6619, 6544, 6368, 6227, 6111, 6077, 6067, 6052, 6025, 5997, 5949, 5906, 5869, 5810, 5751, 5692, 5633, 5618, 5578, 5574, 5522, 5518, 5515, 5490, 5456, 5426, 5420, 5397, 5375, 5372, 5370, 5369, 5338, 5304, 5293, 5139, 4898, 4803, 4727, 4604, 4562, 4495, 4485, 4455, 4369, 4251, 4234, 4060, 4028, 3851, 3802, 3752, 3701, 3626, 3599, 3543, 3541, 3363, 3346, 3249, 3184, 2991, 2958, 2957, 2835, 2814, 2805, 2777, 2774, 2749, 2720, 2716, 2660, 2649, 2546, 2505, 2504, 2361, 2316, 2187, 2174, 2128, 1890, 1807, 1783, 1676, 1621, 1509, 1505, 1486, 1390, 1298, 1260, 1155, 1097, 956, 854, 839, 838, 795, 741, 717, 677, 658, 618, 559, 553, 546, 526, 500, 480, 441, 264, 171, 165, 28])
('158ton', [199772])
('biaccumulation', [144368])
('tespi', [15054])
('ch3ch2sh', [210029])
('yuanchu', [395179])
('mubiru', [11459])
('lmc', [63020, 85593, 237216, 193012, 192717, 187596, 111479, 227181, 162646, 275558, 174732, 102839, 58055, 31102, 407267, 341606, 335348, 333277, 253982, 245949, 219156, 128135, 125843, 94324, 85619, 60156, 54940, 49840, 49215, 47174, 18268])
('carbonariinspired', [132494])
('sufferns', [437621, 436677, 247008, 21782])
('lordcommanderinchief', [26262])
('candlelightebr', [198877])
('ugt1a16', [46881])
('tebfada', [144682, 144564])
('jezyka', [98710])
('ilac', [269844, 85944, 83666, 78600])
('sdc', [389324, 126026, 11358, 274790, 176013, 170273, 143441, 85780, 378825, 293260, 247519, 203182, 193681, 160903, 123451, 102811, 99451, 91497, 43607, 4421])
('emscher', [144565, 115723, 126166, 115487, 18315, 281466, 134485, 112754, 58844])
('stairshaped', [22307])
('101402', [248288])
('pranaitis', [319294, 109451])
('convicting', [210947, 23778, 250, 425030, 369397, 365608, 364909, 342779, 320112, 296254, 288135, 283397, 263110, 256095, 254579, 252090, 251414, 236345, 235811, 211965, 208479, 207721, 190273, 190152, 173086, 169472, 167906, 145060, 140040, 131715, 128440, 123321, 123019, 119952, 117269, 114793, 105167, 99643, 99161, 92574, 91047, 87208, 83723, 79831, 79454, 65663, 64215, 61094, 60134, 59022, 53995, 53029, 51322, 51094, 50799, 50122, 48893, 48568, 46850, 40637, 34115, 28271, 24665, 5336, 4929, 1131, 239])
('babamuboni', [394403])
('19241962', [99546])
('daynmark', [148129])
('trebekhosted', [176152])
('19461978', [25843, 15698])
('whoopee', [286789, 179029, 293220, 292453, 81159, 45062, 4892, 151732, 47583, 274306, 257324, 197572, 150637, 72654, 52844, 49278, 33825, 27053, 22871, 399427, 369984, 311807, 292807, 285019, 282773, 281125, 277551, 266647, 256050, 249367, 243946, 232328, 222473, 209543, 145561, 145097, 141386, 136566, 135724, 123027, 121741, 117202, 114933, 112184, 109918, 99396, 91836, 85382, 82630, 80541, 76841, 59024, 54754, 50636, 50571, 45393, 38579, 31864, 28051, 26677, 25969, 13051, 12455, 9652, 3136])
('southlanders', [186533, 20000])
('salole', [84577])
('ttonnement', [70986])
('saknussemms', [285724, 185017])
('laterally', [70867, 215845, 85143, 334114, 297506, 174044, 71041, 308014, 293854, 265469, 216496, 197085, 185052, 121272, 86759, 59320, 36985, 8582, 7599, 417362, 403960, 391693, 383720, 305182, 251856, 247893, 232273, 228842, 223035, 208475, 205757, 204960, 196731, 185937, 176677, 173104, 171775, 162064, 158556, 154141, 153036, 142747, 140049, 137023, 128948, 110032, 104102, 103453, 92931, 92695, 89971, 87648, 87523, 87467, 83637, 62601, 51934, 38086, 37299, 17941, 15292, 8525, 7813, 3717, 3595, 446627, 438624, 433823, 414111, 408504, 407032, 404137, 403437, 399533, 399179, 395940, 390873, 389161, 385371, 381245, 380950, 380185, 362457, 359352, 353520, 352634, 351386, 348743, 342603, 334963, 332980, 331569, 330447, 327080, 327034, 315161, 312214, 312095, 312085, 310565, 309451, 308797, 307446, 307070, 307007, 306181, 305657, 305359, 305241, 301883, 299942, 298581, 292148, 292040, 291927, 290273, 289323, 288907, 288093, 287358, 287202, 284430, 283016, 283000, 279886, 279652, 279579, 279165, 279106, 276700, 275687, 275338, 274996, 274686, 272667, 272616, 271789, 270084, 264788, 264475, 263570, 262062, 261457, 259635, 259573, 259536, 259458, 254613, 253720, 252665, 252217, 252214, 249241, 247608, 246493, 246375, 246003, 244245, 243720, 243399, 242290, 241715, 240637, 239650, 239183, 236438, 233967, 231855, 231596, 231159, 231026, 228373, 227258, 225121, 223109, 222603, 222460, 219268, 217115, 216910, 216149, 216082, 215600, 215187, 214615, 214376, 213889, 212880, 211976, 211842, 209845, 209236, 209006, 208373, 208006, 208004, 206079, 205229, 204950, 204657, 204653, 204417, 203027, 202893, 202450, 202402, 202383, 201994, 200725, 200515, 200430, 199627, 196557, 196500, 195078, 194960, 194884, 194842, 194564, 192373, 191372, 191334, 190642, 189542, 188737, 188430, 187250, 187058, 186718, 184931, 184299, 184229, 184122, 183402, 182985, 181394, 179990, 178402, 177942, 177866, 176123, 175433, 175390, 174359, 174213, 174161, 173213, 172863, 171509, 171275, 170833, 170724, 170362, 169241, 168360, 166756, 166667, 163428, 162408, 160345, 159840, 159097, 157979, 157145, 155119, 154625, 153798, 153280, 152844, 152111, 151640, 150946, 148184, 147981, 145466, 144367, 143246, 142983, 142719, 142629, 142616, 142539, 140443, 140032, 138274, 135745, 135550, 135460, 134779, 134682, 134142, 133330, 133163, 133113, 132878, 132486, 130907, 130890, 130755, 130724, 129682, 129003, 127892, 127707, 127156, 126763, 126437, 125727, 124611, 124284, 123371, 122689, 122107, 122063, 121187, 120597, 120324, 120244, 119680, 119503, 119229, 119122, 118419, 118232, 117671, 117579, 115259, 114630, 114270, 112754, 112749, 112683, 112578, 112551, 112025, 111685, 109868, 109862, 109059, 108979, 108805, 108575, 107980, 107645, 107196, 107002, 106271, 106241, 105973, 104136, 103874, 103120, 101933, 101779, 101508, 100719, 100664, 100246, 100232, 99828, 99747, 99378, 98788, 98618, 97212, 93988, 93599, 92580, 92466, 92285, 91791, 91656, 91577, 91488, 91341, 91097, 90278, 90272, 90257, 90134, 89921, 89512, 88029, 86523, 86258, 85670, 83908, 82607, 82191, 81490, 81014, 80890, 80862, 80634, 80363, 79199, 79182, 77613, 76712, 76670, 76053, 75614, 74681, 74227, 73480, 72632, 72162, 70932, 70813, 70631, 70356, 69689, 69590, 69511, 69352, 68822, 68801, 65020, 64833, 64676, 64428, 63943, 63725, 63282, 62987, 62777, 61888, 61744, 61401, 60745, 59637, 59522, 59084, 59042, 58966, 58745, 57972, 57618, 57296, 56772, 56759, 54753, 54722, 54684, 54288, 54281, 53771, 52957, 52626, 52157, 50278, 50211, 49449, 48863, 48570, 48209, 46952, 45460, 45450, 44927, 44689, 43283, 42036, 41310, 40733, 39955, 39620, 39417, 39413, 39286, 39192, 39011, 38913, 38621, 38330, 38256, 37961, 37199, 36984, 35848, 35497, 34896, 34430, 33499, 33199, 32988, 32029, 31840, 29543, 28671, 27086, 27027, 26852, 26380, 26261, 26080, 25816, 25544, 25382, 25025, 24152, 23609, 22945, 22668, 21830, 21333, 21115, 20387, 19176, 18306, 17971, 17415, 17177, 17097, 16438, 16110, 15285, 14290, 13713, 11636, 10925, 10866, 10653, 10013, 9451, 9331, 9254, 9231, 8975, 8641, 7085, 5252, 4637, 4251, 4059, 3705, 3127, 3072, 2124, 1740, 1283, 1269, 497, 226])
('nauplios', [176600])
('granophyre', [415824, 260893, 230253, 225893, 176036, 132910])
('poruss', [154691, 169574, 6490])
('categorymovie', [327681, 133310])
('tietzs', [340360])
('fouriertransformlimited', [118226])
('netshot', [99179])
('mascarpa', [111602])
('goodis', [206288, 140800, 257816, 103525, 92863, 60961, 42364, 24830])
('1reverse', [222001])
('morehampton', [194901, 194441, 51956])
('laverdire', [55232, 260514, 358652, 66565])
('dieuze', [389680, 227647, 55706, 36783])
('1antagonists', [247608])
('3580cm', [354871, 277286])
('maxtrack', [291927])
('bunkersjpgthumbrighta', [7516])
('fibtillation', [199073])
('megaera', [173709, 182913, 173886, 52791, 21832])
('4000usd', [215140])
('siemens', [73832, 114647, 298732, 45050, 286070, 20162, 247879, 99891, 14638, 170508, 106006, 140227, 31361, 126497, 65855, 58013, 26415, 20416, 120425, 93822, 69896, 53940, 46336, 40532, 31795, 18610, 380829, 308558, 308499, 302238, 258582, 215676, 193599, 193540, 144131, 140448, 97834, 74662, 62862, 7289, 3930, 362661, 339655, 208822, 191622, 160798, 156005, 124729, 83877, 70531, 64233, 58953, 44516, 43479, 41902, 37154, 31752, 31087, 21450, 8045, 426324, 410635, 349149, 346917, 320477, 313390, 286613, 205687, 190837, 168363, 164917, 155297, 154429, 139151, 137253, 134272, 129451, 128978, 122560, 118363, 117531, 116534, 113821, 103904, 101359, 89959, 89140, 85308, 84311, 84172, 75230, 73870, 67711, 63304, 57702, 54846, 46811, 21726, 11335, 8565, 2008, 1742, 392099, 352219, 338888, 324720, 320824, 303078, 274955, 274696, 260689, 260421, 259035, 258477, 254736, 254676, 253985, 253314, 253243, 241522, 238746, 233963, 215407, 213549, 208219, 206233, 200397, 199471, 197952, 190503, 185408, 185175, 175907, 175792, 172617, 171642, 171524, 166769, 163748, 161505, 156145, 150845, 147472, 144883, 143836, 137302, 128480, 126404, 124180, 118482, 118026, 116302, 115503, 113871, 110471, 104489, 102514, 101543, 99181, 97549, 95287, 94727, 94282, 92043, 91637, 91442, 87671, 86779, 82016, 81380, 78508, 74127, 74043, 70391, 69329, 68388, 64578, 64351, 60456, 57733, 56875, 55998, 55740, 54663, 53764, 53174, 52073, 50889, 49038, 48444, 47461, 47024, 39730, 33103, 31375, 26288, 23631, 23137, 20250, 19003, 17017, 13937, 9147, 8201, 6560, 2236, 1506, 460454, 445388, 443028, 425794, 424142, 415063, 410399, 408270, 399186, 398424, 390804, 384075, 384016, 383730, 383313, 383016, 382836, 372813, 372581, 369567, 367472, 365197, 362136, 360063, 356993, 354099, 353751, 347351, 346736, 344962, 344024, 342654, 338002, 332928, 330451, 324956, 323600, 323281, 318261, 317181, 314983, 312226, 310375, 308912, 308853, 308794, 306198, 304186, 303339, 302685, 301742, 300620, 300351, 300006, 298850, 295270, 292205, 290971, 289963, 285140, 284900, 281882, 281534, 279697, 278160, 278046, 277652, 277401, 276725, 276171, 275565, 275528, 274010, 272981, 270720, 270084, 268064, 264252, 259585, 256989, 256870, 256809, 255974, 255691, 254618, 251838, 248670, 248404, 247374, 246662, 245457, 244727, 243163, 241634, 241001, 239869, 238871, 237028, 236929, 236680, 234992, 234981, 233668, 233381, 232453, 230557, 230375, 229794, 229124, 224452, 222921, 222164, 221918, 221341, 221278, 220744, 219739, 217560, 217023, 215491, 213134, 210438, 209829, 209494, 209340, 208461, 207408, 206940, 206877, 206346, 206254, 205054, 203075, 200852, 199227, 198837, 197546, 196319, 196142, 194272, 194000, 193192, 191236, 190798, 189071, 187950, 187715, 187669, 187301, 186897, 184719, 184528, 183759, 183648, 181709, 181686, 181598, 180394, 179509, 179418, 178297, 177527, 176672, 176108, 175390, 173769, 173606, 173330, 172258, 171144, 171066, 170603, 170197, 168748, 168609, 167831, 164832, 164681, 163877, 163674, 163659, 163615, 163453, 161280, 160580, 158520, 157834, 157149, 156702, 154911, 152773, 152489, 150007, 149195, 148126, 147823, 145526, 145290, 145186, 142010, 140525, 139750, 139155, 138800, 138556, 136288, 136064, 134493, 133903, 133895, 132916, 131445, 130401, 130197, 129627, 129194, 129069, 128883, 128853, 128613, 128413, 127298, 125809, 124573, 124396, 123490, 123341, 122679, 122261, 120192, 120011, 118179, 117950, 117501, 115940, 115154, 114532, 113649, 111324, 110807, 110580, 109374, 108646, 108388, 107980, 107231, 107002, 106973, 106722, 106269, 105257, 104595, 103854, 103466, 102014, 101809, 101423, 101020, 100898, 100604, 100485, 100008, 99950, 99897, 99757, 98837, 98592, 97920, 97655, 97240, 97065, 96892, 96018, 94936, 92864, 92286, 91214, 91118, 89795, 89559, 88741, 88052, 87019, 86628, 86078, 85974, 85380, 85202, 85065, 82587, 80112, 79462, 79053, 78963, 78944, 78833, 78554, 77651, 75697, 75546, 75283, 73306, 73110, 72985, 72464, 72102, 71987, 71738, 70568, 70537, 69275, 69195, 68747, 68329, 67500, 67286, 66883, 65085, 65033, 63551, 63261, 62906, 61101, 60604, 59955, 59715, 59690, 59004, 58836, 58828, 57368, 56591, 55711, 55612, 55523, 55256, 53761, 53579, 52214, 51693, 51358, 51221, 49977, 48568, 47342, 46526, 46267, 43843, 43606, 43317, 43295, 42199, 42129, 40065, 39709, 38714, 38623, 38412, 37803, 37694, 37184, 36192, 36173, 35996, 35866, 34761, 34730, 34643, 32932, 32861, 32628, 31973, 29781, 29394, 28982, 28803, 28437, 27815, 26551, 26336, 26148, 25965, 25777, 25489, 25439, 25370, 24571, 24215, 24144, 23242, 22781, 22010, 21484, 21363, 21070, 20838, 20433, 20059, 19969, 18746, 18644, 17819, 17608, 16487, 15025, 14976, 14815, 13837, 12254, 11843, 11348, 11038, 10315, 10030, 9994, 9758, 7003, 6258, 5617, 3969, 3188, 3014, 2781, 2720, 2070, 1984, 474, 184])
('rapamycin', [93796, 147054, 47248, 204400, 67318, 352689, 330086, 290273, 208594, 198279, 196932, 169358, 109254, 107685, 104473, 84569, 44422, 33170])
('marmo', [100931, 143264, 103250, 52461, 23423])
('z2grading', [54053, 167238, 271604])
('ignorancean', [125797])
('lilienfelderhof', [172186])
('epicscale', [315117, 235166, 109527])
('canalbarge', [143685, 135907])
('aebersolds', [264937, 248913])
('springsa', [97214])
('nikolaikirke', [81503])
('minic', [107895, 313922, 270417, 158011, 60580])
('robuchon', [318466, 261714, 77815])
('kaygee', [120460])
